[apps_limiter]
enabled = false
input gain = 0.0
limit = -11.0
release time = 1.0

[apps_autovolume]
enabled = false
window = 1.0
target = -12
tolerance = 1
threshold = -50

[apps_panorama]
enabled = false
position = 0.0

[apps_compressor]
enabled = false
use_peak = false
attack = 101.09999999999999
release = 401.0
threshold = 0.0
ratio = 1.0
knee = 3.25
makeup = 0.0

[apps_reverb]
enabled = false
room size = 0.5
damping = 0.20000000000000001
width = 1.0
level = 0.5

[apps_highpass]
enabled = false
cutoff = 20
poles = 4

[apps_lowpass]
enabled = false
cutoff = 20000
poles = 4

[apps_equalizer]
enabled = true
input_gain = 0.0
output_gain = 0.0
band0 = 2.0
band1 = 0.0
band2 = -2.0
band3 = -3.7000000000000002
band4 = -7.0
band5 = -10.0
band6 = -11.0
band7 = -10.0
band8 = -8.0
band9 = -6.0
band10 = -2.7000000000000002
band11 = -1.0
band12 = 2.0
band13 = 2.3999999999999999
band14 = 5.7000000000000002
band0_freq = 50.0
band1_freq = 100.0
band2_freq = 156.0
band3_freq = 220.0
band4_freq = 311.0
band5_freq = 440.0
band6_freq = 622.0
band7_freq = 880.0
band8_freq = 1250.0
band9_freq = 1750.0
band10_freq = 2500.0
band11_freq = 3500.0
band12_freq = 5000.0
band13_freq = 10000.0
band14_freq = 20000.0
band0_qfactor = 2.21
band1_qfactor = 2.21
band2_qfactor = 2.21
band3_qfactor = 2.21
band4_qfactor = 2.21
band5_qfactor = 2.21
band6_qfactor = 2.21
band7_qfactor = 2.21
band8_qfactor = 2.21
band9_qfactor = 2.21
band10_qfactor = 2.21
band11_qfactor = 2.21
band12_qfactor = 2.21
band13_qfactor = 2.21
band14_qfactor = 2.21
band0_type = 0
band1_type = 0
band2_type = 0
band3_type = 0
band4_type = 0
band5_type = 0
band6_type = 0
band7_type = 0
band8_type = 0
band9_type = 0
band10_type = 0
band11_type = 0
band12_type = 0
band13_type = 0
band14_type = 0

[mic_limiter]
enabled = false
input gain = 0.0
limit = -11.0
release time = 1.0

[mic_autovolume]
enabled = false
window = 1.0
target = -12
tolerance = 1
threshold = -50

[mic_compressor]
enabled = false
use_peak = false
attack = 101.09999999999999
release = 401.0
threshold = 0.0
ratio = 1.0
knee = 3.25
makeup = 0.0

[mic_reverb]
enabled = false
room size = 0.5
damping = 0.20000000000000001
width = 1.0
level = 0.5

[mic_highpass]
enabled = false
cutoff = 20
poles = 4

[mic_lowpass]
enabled = false
cutoff = 20000
poles = 4

[mic_equalizer]
enabled = false
input_gain = 0.0
output_gain = 0.0
band0 = 6.0999999999999996
band1 = 3.7000000000000002
band2 = -2.0
band3 = -3.7000000000000002
band4 = -5.0
band5 = -10.0
band6 = -11.5
band7 = -11.5
band8 = -10.0
band9 = -5.0
band10 = -2.7000000000000002
band11 = -1.0
band12 = -1.3
band13 = 2.3999999999999999
band14 = 5.7000000000000002
band0_freq = 50.0
band1_freq = 100.0
band2_freq = 156.0
band3_freq = 220.0
band4_freq = 311.0
band5_freq = 440.0
band6_freq = 622.0
band7_freq = 880.0
band8_freq = 1250.0
band9_freq = 1750.0
band10_freq = 2500.0
band11_freq = 3500.0
band12_freq = 5000.0
band13_freq = 10000.0
band14_freq = 20000.0
band0_qfactor = 2.21
band1_qfactor = 2.21
band2_qfactor = 2.21
band3_qfactor = 2.21
band4_qfactor = 2.21
band5_qfactor = 2.21
band6_qfactor = 2.21
band7_qfactor = 2.21
band8_qfactor = 2.21
band9_qfactor = 2.21
band10_qfactor = 2.21
band11_qfactor = 2.21
band12_qfactor = 2.21
band13_qfactor = 2.21
band14_qfactor = 2.21
band0_type = 0
band1_type = 0
band2_type = 0
band3_type = 0
band4_type = 0
band5_type = 0
band6_type = 0
band7_type = 0
band8_type = 0
band9_type = 0
band10_type = 0
band11_type = 0
band12_type = 0
band13_type = 0
band14_type = 0

